0.775
1.0
1.0
1.0
1.0
1.0
1.0
0.9166666666666666
1.0
1.0
0.9565217391304348
0.9545454545454546
1.0
0.8
1.0
1.0
1.0
0.9090909090909091
0.9090909090909091
1.0
0.8823529411764706
0.9285714285714286
0.88
0.9473684210526315
1.0
1.0
1.0
0.8888888888888888
1.0
0.9565217391304348
1.0
0.9032258064516129
1.0
0.9642857142857143
1.0
1.0
1.0
0.9230769230769231
0.9565217391304348
1.0
0.7647058823529411
1.0
1.0
0.92
0.7142857142857143
1.0
0.8333333333333334
0.9473684210526315
0.9523809523809523
1.0
0.9523809523809523
0.96
0.8636363636363636
0.972972972972973
0.9230769230769231
0.8787878787878788
0.9523809523809523
0.9473684210526315
0.8571428571428571
0.9090909090909091
0.9
0.9333333333333333
0.9473684210526315
1.0
1.0
1.0
1.0
0.8787878787878788
0.8378378378378378
1.0
0.9090909090909091
1.0
0.8048780487804879
1.0
1.0
0.9230769230769231
1.0
1.0
0.9166666666666666
1.0
0.8333333333333334
0.8095238095238095
0.8918918918918919
0.92
0.8571428571428571
1.0
1.0
0.8823529411764706
0.7857142857142857
0.8636363636363636
1.0
0.9333333333333333
1.0
1.0
0.6470588235294118
0.9411764705882353
0.7894736842105263
0.9259259259259259
0.8947368421052632
1.0
1.0
1.0
0.875
1.0
1.0
1.0
0.7903225806451613
0.8
0.6111111111111112
0.875
0.85
1.0
0.8
1.0
1.0
1.0
0.9230769230769231
1.0
0.9
0.7647058823529411
0.9166666666666666
1.0
0.9333333333333333
0.9375
0.8421052631578947
0.9285714285714286
0.8095238095238095
1.0
1.0
1.0
0.7058823529411765
0.9333333333333333
1.0
0.9
0.9210526315789473
0.9629629629629629
1.0
0.9285714285714286
0.8571428571428571
1.0
0.9090909090909091
1.0
0.9375
0.8214285714285714
1.0
0.9333333333333333
1.0
0.9393939393939394
0.8979591836734694
0.875
1.0
0.8846153846153846
0.9615384615384616
0.8823529411764706
0.8695652173913043
0.717391304347826
0.9459459459459459
0.9444444444444444
0.9285714285714286
0.92
1.0
0.9
0.9565217391304348
1.0
1.0
1.0
0.9166666666666666
0.9444444444444444
0.8461538461538461
0.9473684210526315
1.0
1.0
1.0
0.8695652173913043
0.8421052631578947
1.0
1.0
0.8421052631578947
0.9615384615384616
0.8888888888888888
0.9130434782608695
1.0
1.0
1.0
0.8260869565217391
1.0
0.9047619047619048
1.0
0.8888888888888888
0.8823529411764706
0.9444444444444444
1.0
1.0
1.0
0.8536585365853658
1.0
0.9285714285714286
1.0
1.0
0.9259259259259259
1.0
1.0
0.631578947368421
1.0
1.0
0.9230769230769231
0.9375
1.0
0.7692307692307693
1.0
1.0
1.0
1.0
1.0
0.8275862068965517
0.95
1.0
1.0
1.0
0.8648648648648649
0.7954545454545454
1.0
0.9696969696969697
1.0
1.0
1.0
1.0
1.0
1.0
0.9032258064516129
1.0
0.8888888888888888
0.9473684210526315
1.0
0.9090909090909091
0.9130434782608695
0.8636363636363636
0.9444444444444444
0.9565217391304348
0.9642857142857143
0.9473684210526315
1.0
0.8125
0.9090909090909091
0.9230769230769231
0.9047619047619048
0.84
1.0
0.95
0.9565217391304348
1.0
0.9
1.0
1.0
0.8846153846153846
1.0
0.9230769230769231
0.9523809523809523
1.0
0.9333333333333333
0.9444444444444444
1.0
0.9411764705882353
1.0
1.0
0.8333333333333334
0.9
1.0
1.0
1.0
1.0
1.0
0.8648648648648649
1.0
1.0
1.0
1.0
1.0
1.0
1.0
1.0
1.0
1.0
1.0
0.95
0.9565217391304348
1.0
0.9
1.0
1.0
0.8846153846153846
1.0
0.9230769230769231
0.9523809523809523
1.0
0.9333333333333333
0.9444444444444444
1.0
0.9411764705882353
1.0
1.0
0.8333333333333334
0.9
1.0
1.0
1.0
1.0
1.0
0.8648648648648649
1.0
1.0
1.0
1.0
1.0
1.0
1.0
1.0
1.0
1.0
1.0
0.95
0.9565217391304348
0.9166666666666666
1.0
1.0
1.0
0.875
1.0
1.0
1.0
0.9583333333333334
1.0
1.0
0.9090909090909091
1.0
1.0
0.8928571428571429
1.0
1.0
1.0
1.0
1.0
1.0
1.0
1.0
1.0
0.9285714285714286
1.0
1.0
1.0
1.0
1.0
1.0
1.0
0.8461538461538461
0.8888888888888888
1.0
0.9
1.0
1.0
1.0
0.7692307692307693
1.0
1.0
1.0
1.0
1.0
1.0
1.0
0.9375
1.0
1.0
1.0
1.0
0.9259259259259259
0.9230769230769231
1.0
1.0
0.875
1.0
1.0
0.85
1.0
1.0
0.6428571428571429
1.0
1.0
0.8787878787878788
1.0
0.96
1.0
0.8421052631578947
1.0
1.0
1.0
0.9166666666666666
1.0
0.9333333333333333
1.0
0.9130434782608695
1.0
1.0
1.0
1.0
1.0
1.0
0.7454545454545455
0.8518518518518519
0.9545454545454546
1.0
1.0
0.88
0.9473684210526315
0.8148148148148148
1.0
0.9285714285714286
1.0
1.0
1.0
1.0
0.8214285714285714
1.0
1.0
1.0
1.0
0.875
0.9545454545454546
0.8333333333333334
0.9230769230769231
0.9444444444444444
0.7142857142857143
0.9615384615384616
0.9583333333333334
1.0
0.9285714285714286
0.9259259259259259
0.95
1.0
1.0
0.8571428571428571
1.0
0.8
1.0
1.0
1.0
0.9166666666666666
0.9545454545454546
0.9375
1.0
0.92
0.9705882352941176
0.95
0.9032258064516129
1.0
1.0
0.9090909090909091
1.0
0.9
1.0
1.0
0.9310344827586207
1.0
0.9473684210526315
1.0
1.0
0.9285714285714286
1.0
1.0
1.0
0.9285714285714286
0.9090909090909091
0.8888888888888888
1.0
1.0
1.0
1.0
0.9629629629629629
1.0
1.0
1.0
1.0
1.0
1.0
0.8888888888888888
1.0
0.9375
1.0
1.0
1.0
0.9655172413793104
1.0
0.8571428571428571
1.0
0.9285714285714286
0.9130434782608695
1.0
1.0
1.0
0.9411764705882353
1.0
0.9473684210526315
1.0
1.0
0.782608695652174
1.0
1.0
1.0
0.92
0.8888888888888888
1.0
1.0
1.0
0.9230769230769231
1.0
1.0
1.0
0.8863636363636364
0.9166666666666666
1.0
1.0
