0.9090909090909091
1.0
0.9090909090909091
0.8333333333333334
0.9523809523809523
1.0
0.9
1.0
1.0
1.0
0.9523809523809523
1.0
1.0
0.8888888888888888
0.8
0.76
1.0
1.0
1.0
0.875
0.92
1.0
1.0
0.8125
1.0
1.0
0.8181818181818182
0.8571428571428571
1.0
0.875
1.0
1.0
0.84
1.0
1.0
0.7692307692307693
0.8387096774193549
0.9310344827586207
0.8387096774193549
1.0
0.9230769230769231
0.85
0.875
0.8620689655172413
0.7941176470588235
0.9166666666666666
1.0
1.0
1.0
1.0
0.9
1.0
1.0
1.0
0.8666666666666667
0.7333333333333333
1.0
0.9333333333333333
0.95
1.0
0.9333333333333333
0.9310344827586207
1.0
0.8235294117647058
1.0
0.7931034482758621
0.9230769230769231
0.9
0.9333333333333333
0.9090909090909091
1.0
1.0
1.0
0.9090909090909091
1.0
1.0
1.0
0.875
1.0
0.8888888888888888
1.0
0.9411764705882353
1.0
0.8648648648648649
1.0
0.8571428571428571
1.0
0.9166666666666666
1.0
0.9473684210526315
1.0
0.8888888888888888
0.8666666666666667
0.8529411764705882
0.9545454545454546
0.9583333333333334
0.88
0.9444444444444444
0.9047619047619048
0.8823529411764706
0.8461538461538461
0.9230769230769231
0.9090909090909091
0.8571428571428571
0.8333333333333334
0.8461538461538461
0.8571428571428571
0.8888888888888888
0.9615384615384616
0.8181818181818182
0.9142857142857143
0.8444444444444444
1.0
0.88
0.875
1.0
0.9117647058823529
1.0
0.9523809523809523
0.84
0.9310344827586207
0.9130434782608695
1.0
0.9130434782608695
0.9375
1.0
0.9285714285714286
0.8387096774193549
1.0
0.9473684210526315
1.0
0.74
1.0
0.88
1.0
0.84
1.0
1.0
0.9285714285714286
1.0
1.0
1.0
0.9375
0.9130434782608695
0.8260869565217391
0.9333333333333333
0.9444444444444444
0.9
1.0
1.0
0.8333333333333334
0.8333333333333334
0.9545454545454546
1.0
0.8571428571428571
0.8235294117647058
0.9523809523809523
1.0
1.0
0.9285714285714286
0.8095238095238095
0.7
1.0
0.7647058823529411
0.896551724137931
1.0
0.7894736842105263
0.8518518518518519
1.0
0.8928571428571429
1.0
1.0
0.96
0.7727272727272727
0.75
0.8
1.0
0.8947368421052632
0.9130434782608695
0.8888888888888888
0.9375
0.8695652173913043
0.8823529411764706
1.0
0.9523809523809523
0.9444444444444444
0.95
0.85
1.0
0.9230769230769231
1.0
1.0
0.7631578947368421
0.8571428571428571
0.9523809523809523
0.9
0.8387096774193549
0.875
0.8484848484848485
0.9230769230769231
0.9333333333333333
0.9333333333333333
1.0
0.9230769230769231
1.0
0.875
0.9411764705882353
0.9523809523809523
0.9333333333333333
0.8666666666666667
0.9166666666666666
1.0
0.95
1.0
1.0
0.9523809523809523
0.9473684210526315
0.7647058823529411
0.9285714285714286
0.8571428571428571
1.0
1.0
1.0
1.0
1.0
0.9375
0.9047619047619048
0.9615384615384616
0.875
0.9047619047619048
0.9411764705882353
1.0
0.9473684210526315
0.9583333333333334
1.0
0.9166666666666666
0.9
0.8846153846153846
1.0
0.7692307692307693
0.7931034482758621
0.875
0.84375
0.6923076923076923
0.7307692307692307
0.8717948717948718
0.9565217391304348
0.8333333333333334
0.7708333333333334
0.8333333333333334
0.8260869565217391
1.0
1.0
0.875
0.8285714285714286
0.8125
0.7931034482758621
0.9090909090909091
1.0
0.9375
0.9090909090909091
0.9444444444444444
0.7931034482758621
0.8
1.0
1.0
0.7916666666666666
0.8421052631578947
0.9166666666666666
0.8478260869565217
1.0
0.9459459459459459
0.9444444444444444
1.0
1.0
0.7297297297297297
0.9230769230769231
1.0
0.9565217391304348
0.8444444444444444
0.8518518518518519
0.8928571428571429
0.9285714285714286
0.9565217391304348
1.0
1.0
1.0
1.0
1.0
0.9032258064516129
1.0
0.8076923076923077
1.0
0.9
1.0
0.9583333333333334
0.9166666666666666
0.9642857142857143
1.0
0.7017543859649122
0.8235294117647058
0.8214285714285714
0.9047619047619048
0.8518518518518519
0.8
0.9166666666666666
0.9090909090909091
1.0
1.0
0.8333333333333334
1.0
1.0
0.8235294117647058
0.896551724137931
0.9259259259259259
0.8125
0.875
0.9523809523809523
0.9473684210526315
1.0
0.9545454545454546
0.9629629629629629
1.0
0.88
0.9615384615384616
0.85
0.8627450980392157
0.9090909090909091
0.9333333333333333
0.9354838709677419
1.0
0.9583333333333334
0.8888888888888888
0.896551724137931
0.9047619047619048
0.9166666666666666
0.9411764705882353
0.84
0.9166666666666666
0.9473684210526315
1.0
0.8947368421052632
0.8571428571428571
0.8947368421052632
0.8695652173913043
0.8888888888888888
0.9375
1.0
1.0
0.8571428571428571
0.9
0.95
0.9230769230769231
1.0
1.0
1.0
0.9629629629629629
1.0
1.0
0.9473684210526315
0.8823529411764706
0.7777777777777778
0.7446808510638298
0.8
0.9090909090909091
0.9523809523809523
1.0
1.0
0.75
0.9354838709677419
0.9375
0.8571428571428571
0.9259259259259259
0.875
0.9545454545454546
1.0
0.8
0.7
0.918918918918919
0.9615384615384616
0.8571428571428571
1.0
0.9166666666666666
0.92
1.0
0.9583333333333334
0.9615384615384616
1.0
0.9230769230769231
0.9
1.0
0.8888888888888888
1.0
0.7777777777777778
0.9545454545454546
1.0
1.0
0.9285714285714286
0.875
0.8787878787878788
0.8529411764705882
0.8888888888888888
1.0
0.8125
0.9411764705882353
0.9523809523809523
1.0
1.0
1.0
0.9130434782608695
1.0
0.9
0.875
1.0
1.0
0.9545454545454546
0.9565217391304348
0.8181818181818182
0.9615384615384616
0.8333333333333334
1.0
1.0
0.8571428571428571
0.9142857142857143
0.9166666666666666
1.0
0.8235294117647058
0.9428571428571428
0.9565217391304348
0.88
0.8
0.7142857142857143
0.9523809523809523
0.8333333333333334
0.7222222222222222
0.8823529411764706
0.896551724137931
0.9444444444444444
0.8571428571428571
0.8928571428571429
1.0
0.9565217391304348
0.8
0.8636363636363636
0.6538461538461539
0.7948717948717948
0.9411764705882353
1.0
1.0
0.875
1.0
0.8095238095238095
0.9333333333333333
0.8378378378378378
1.0
1.0
0.9411764705882353
0.9285714285714286
1.0
1.0
1.0
0
0
