0.2647058823529412
0.2631578947368421
0.46153846153846156
0.5
0.5909090909090909
0.3
0.47619047619047616
0.42857142857142855
0.4444444444444444
0.4
0.5454545454545454
0.6666666666666666
0.8333333333333334
0.42105263157894735
0.4
0.5555555555555556
0.3125
0.4
0.3333333333333333
0.5
0.56
0.3333333333333333
0.2
0.29411764705882354
0.5
0.3888888888888889
0.5454545454545454
0.8571428571428571
0.46153846153846156
0.40625
0.5652173913043478
0.3076923076923077
0.48
0.391304347826087
0.2
0.42857142857142855
0.5161290322580645
0.3
0.46875
0.3333333333333333
0.6153846153846154
0.4
0.4375
0.3333333333333333
0.5428571428571428
0.3076923076923077
0.5
0.4444444444444444
0.23076923076923078
0.08333333333333333
0.23809523809523808
0.13333333333333333
0.5555555555555556
0.5
0.29411764705882354
0.5333333333333333
0.2727272727272727
0.25
0.45
0.45454545454545453
0.1875
0.5517241379310345
0.4166666666666667
0.4117647058823529
0.2222222222222222
0.4482758620689655
0.25
0.4
0.3548387096774194
0.5384615384615384
0.5
0.5384615384615384
0.5454545454545454
0.5
0.47058823529411764
0.5416666666666666
0.75
0.3333333333333333
0.38461538461538464
0.42105263157894735
1.0
0.4117647058823529
0.5
0.5135135135135135
0.3076923076923077
0.42857142857142855
0.6666666666666666
0.5384615384615384
0.3
0.45
0.42857142857142855
0.3333333333333333
0.3
0.38235294117647056
0.5454545454545454
0.6666666666666666
0.48
0.3333333333333333
0.42857142857142855
0.35294117647058826
0.3076923076923077
0.38461538461538464
0.36363636363636365
0.42857142857142855
0.3333333333333333
0.42857142857142855
0.42857142857142855
0.3333333333333333
0.5
0.3939393939393939
0.37142857142857144
0.4222222222222222
0.2903225806451613
0.35714285714285715
0.5
0.3181818181818182
0.4
0.4
0.3333333333333333
0.42857142857142855
0.41379310344827586
0.2608695652173913
0.25
0.4782608695652174
0.25
0.6666666666666666
0.5
0.125
0.5
0.3684210526315789
0.2
0.11320754716981132
0.35294117647058826
0.16
0.5555555555555556
0.12
0.26666666666666666
0.375
0.3333333333333333
0.4166666666666667
0.4444444444444444
0.2
0.29411764705882354
0.5217391304347826
0.391304347826087
0.4
0.45
0.4
0.18181818181818182
0.3076923076923077
0.4
0.2857142857142857
0.6363636363636364
0.5238095238095238
0.4666666666666667
0.35294117647058826
0.5454545454545454
0.3333333333333333
0.6666666666666666
0.39285714285714285
0.4090909090909091
0.4
0.5
0.5
0.4827586206896552
0.4375
0.5263157894736842
0.4444444444444444
0.125
0.42857142857142855
0.375
0.5294117647058824
0.4
0.3409090909090909
0.36585365853658536
0.23809523809523808
0.5714285714285714
0.35
0.5217391304347826
0.42857142857142855
0.3125
0.36
0.35294117647058826
0.42105263157894735
0.4090909090909091
0.5555555555555556
0.4
0.42857142857142855
0.29411764705882354
0.15384615384615385
0.2
0.5
0.425
0.5142857142857142
0.42857142857142855
0.25
0.3225806451612903
0.4444444444444444
0.47058823529411764
0.46153846153846156
0.3333333333333333
0.375
0.25
0.38461538461538464
0.5238095238095238
0.5
0.5555555555555556
0.47619047619047616
0.3333333333333333
0.3548387096774194
0.3333333333333333
0.5263157894736842
0.35
0.4375
0.5833333333333334
0.47619047619047616
0.5
0.5294117647058824
0.42857142857142855
0.4827586206896552
0.2857142857142857
0.6923076923076923
0.06666666666666667
0.4117647058823529
0.3333333333333333
0.4375
0.22727272727272727
0.3333333333333333
0.5
0.42857142857142855
0.47058823529411764
0.5882352941176471
0.3157894736842105
0.4166666666666667
0.4166666666666667
0.38461538461538464
0.3
0.5
0.2
0.38461538461538464
0.41379310344827586
0.375
0.21875
0.46296296296296297
0.3333333333333333
0.358974358974359
0.5217391304347826
0.4583333333333333
0.3673469387755102
0.5
0.4782608695652174
0.09090909090909091
0.09090909090909091
0.36
0.2972972972972973
0.4117647058823529
0.3548387096774194
0.36363636363636365
0.5
0.375
0.34782608695652173
0.3888888888888889
0.3225806451612903
0.375
0.5
0.5555555555555556
0.375
0.3684210526315789
0.38461538461538464
0.3
0.6
0.23076923076923078
0.47368421052631576
0.3125
0.18181818181818182
0.20512820512820512
0.38461538461538464
0.36363636363636365
0.34782608695652173
0.4666666666666667
0.4074074074074074
0.3448275862068966
0.42857142857142855
0.4583333333333333
0.5
0.4
0.4444444444444444
0.3333333333333333
0.5
0.40625
0.0
0.34615384615384615
0.5
0.4
0.25
0.3076923076923077
0.38461538461538464
0.4666666666666667
0.2857142857142857
0.3559322033898305
0.2647058823529412
0.4827586206896552
0.45454545454545453
0.2962962962962963
0.4666666666666667
0.5833333333333334
0.36363636363636365
0.5714285714285714
0.3
0.5555555555555556
0.5
0.36363636363636365
0.22857142857142856
0.4827586206896552
0.5185185185185185
0.40625
0.40625
0.38095238095238093
0.42105263157894735
0.4
0.34782608695652173
0.2962962962962963
0.42857142857142855
0.52
0.5555555555555556
0.35
0.3584905660377358
0.5
0.4666666666666667
0.5483870967741935
0.4
0.5
0.4074074074074074
0.41379310344827586
0.2727272727272727
0.4
0.5882352941176471
0.46153846153846156
0.38461538461538464
0.42105263157894735
0.4
0.5263157894736842
0.2857142857142857
0.21052631578947367
0.391304347826087
0.34210526315789475
0.375
0.2727272727272727
0.42105263157894735
0.5238095238095238
0.425
0.35
0.5333333333333333
0.375
0.3333333333333333
0.4
0.3333333333333333
0.46153846153846156
0.4
0.2
0.3888888888888889
0.3783783783783784
0.3617021276595745
0.44
0.4090909090909091
0.45454545454545453
0.35714285714285715
0.4
0.53125
0.5483870967741935
0.4375
0.5142857142857142
0.5555555555555556
0.5
0.5909090909090909
0.4
0.5428571428571428
0.25
0.43243243243243246
0.38461538461538464
0.2857142857142857
0.55
0.4166666666666667
0.44
0.6875
0.4166666666666667
0.46153846153846156
0.4166666666666667
0.38461538461538464
0.3
0.625
0.4444444444444444
0.2
0.4074074074074074
0.6363636363636364
0.4
0.4
0.5
0.4166666666666667
0.21212121212121213
0.35294117647058826
0.37037037037037035
0.42857142857142855
0.5
0.47058823529411764
0.42857142857142855
0.3333333333333333
0.45454545454545453
0.4
0.391304347826087
0.5
0.47619047619047616
0.5
1.0
0.5
0.4782608695652174
0.391304347826087
0.3333333333333333
0.4074074074074074
0.40540540540540543
0.6153846153846154
0.4166666666666667
0.4857142857142857
0.4857142857142857
0.5
0.75
0.42857142857142855
0.4
0.43478260869565216
0.4074074074074074
0.3225806451612903
0.391304347826087
0.7619047619047619
0.48
0.4722222222222222
0.5555555555555556
0.5172413793103449
0.5555555555555556
0.5
0.5
0.6666666666666666
0.375
0.375
0.5217391304347826
0.4230769230769231
0.625
0.4444444444444444
0.5
0.5454545454545454
0.28
0.44
0.2857142857142857
0.5333333333333333
0.5
0.625
0.6666666666666666
0.5882352941176471
0.35714285714285715
0.5333333333333333
0.5263157894736842
0.4117647058823529
0
0
