0.275
0.5454545454545454
0.6666666666666666
0.2
0.5454545454545454
0.375
0.1111111111111111
0.4166666666666667
0.5
0.7142857142857143
0.43478260869565216
0.36363636363636365
0.21428571428571427
0.3333333333333333
0.5
0.23076923076923078
0.5555555555555556
0.45454545454545453
0.36363636363636365
0.3333333333333333
0.47058823529411764
0.5
0.44
0.3684210526315789
0.4
0.4444444444444444
0.35294117647058826
0.2222222222222222
0.42857142857142855
0.5217391304347826
0.4
0.3225806451612903
0.25
0.39285714285714285
0.7777777777777778
0.5384615384615384
0.5
0.3076923076923077
0.391304347826087
0.5263157894736842
0.35294117647058826
0.2857142857142857
0.3076923076923077
0.24
0.35714285714285715
0.25
0.3888888888888889
0.5263157894736842
0.5238095238095238
0.75
0.47619047619047616
0.44
0.4090909090909091
0.43243243243243246
0.23076923076923078
0.3939393939393939
0.38095238095238093
0.3684210526315789
0.3333333333333333
0.36363636363636365
0.5
0.4666666666666667
0.47368421052631576
0.5714285714285714
0.5
0.5
0.5
0.45454545454545453
0.35135135135135137
0.39285714285714285
0.5454545454545454
0.3
0.3170731707317073
0.4
0.5263157894736842
0.38461538461538464
0.4444444444444444
0.5
0.5
0.0
0.5
0.4523809523809524
0.4594594594594595
0.48
0.47619047619047616
0.26666666666666666
0.2857142857142857
0.4117647058823529
0.42857142857142855
0.4090909090909091
0.6666666666666666
0.5333333333333333
0.4
0.7272727272727273
0.45098039215686275
0.47058823529411764
0.42105263157894735
0.5555555555555556
0.5789473684210527
0.5882352941176471
0.4375
0.46153846153846156
0.4375
0.5
0.6
0.7
0.43548387096774194
0.4666666666666667
0.4166666666666667
0.5833333333333334
0.45
0.6363636363636364
0.4
0.5
0.5
0.375
0.46153846153846156
0.3333333333333333
0.4
0.4264705882352941
0.25
0.4
0.4666666666666667
0.625
0.5789473684210527
0.5
0.42857142857142855
0.42857142857142855
0.6666666666666666
0.38461538461538464
0.47058823529411764
0.36666666666666664
0.6666666666666666
0.5
0.3684210526315789
0.37037037037037035
0.5
0.5
0.42857142857142855
0.5
0.7272727272727273
0.6666666666666666
0.625
0.5
0.6666666666666666
0.3
0.6666666666666666
0.45454545454545453
0.5714285714285714
0.375
0.42857142857142855
0.46153846153846156
0.5
0.47058823529411764
0.4782608695652174
0.41304347826086957
0.43243243243243246
0.6111111111111112
0.5714285714285714
0.36
0.2727272727272727
0.6
0.2608695652173913
0.4444444444444444
0.5
0.36363636363636365
0.25
0.4444444444444444
0.38461538461538464
0.3684210526315789
0.2857142857142857
1.0
0.3333333333333333
0.391304347826087
0.5263157894736842
0.5714285714285714
0.5384615384615384
0.3684210526315789
0.38461538461538464
0.5185185185185185
0.5434782608695652
0.3333333333333333
0.5714285714285714
1.0
0.45652173913043476
0.35714285714285715
0.47619047619047616
0.35714285714285715
0.3333333333333333
0.35294117647058826
0.4444444444444444
0.5
0.3333333333333333
0.4375
0.34146341463414637
0.75
0.35714285714285715
0.4
0.3333333333333333
0.3333333333333333
0.6666666666666666
0.3076923076923077
0.3684210526315789
0.25
0.375
0.38461538461538464
0.375
0.5
0.5897435897435898
0.75
0.45454545454545453
0.5
0.5714285714285714
0.6428571428571429
0.3793103448275862
0.5
0.6
0.7272727272727273
0.4
0.5945945945945946
0.5227272727272727
0.5
0.5151515151515151
0.35294117647058826
0.5555555555555556
0.631578947368421
0.75
0.6875
0.5
0.5483870967741935
0.5384615384615384
0.7222222222222222
0.5789473684210527
0.42857142857142855
0.6363636363636364
0.34782608695652173
0.5
0.5
0.4782608695652174
0.5
0.47368421052631576
0.5833333333333334
0.46875
0.5454545454545454
0.5384615384615384
0.5238095238095238
0.8
0.5714285714285714
0.6
0.30434782608695654
0.5
0.3
0.4782608695652174
0.4117647058823529
0.38461538461538464
0.3333333333333333
0.38461538461538464
0.6190476190476191
0.375
0.4
0.3333333333333333
0.3333333333333333
0.4117647058823529
0.46153846153846156
0.3333333333333333
0.3333333333333333
0.3
0.3333333333333333
0.2
0.5
0.3
0.4
0.4594594594594595
0.35
0.42857142857142855
0.3333333333333333
0.5
0.6666666666666666
0.14285714285714285
0.8888888888888888
0.5714285714285714
0.6
1.0
1.0
0.6
0.30434782608695654
0.5
0.3
0.4782608695652174
0.4117647058823529
0.38461538461538464
0.3333333333333333
0.38461538461538464
0.6190476190476191
0.375
0.4
0.3333333333333333
0.3333333333333333
0.4117647058823529
0.46153846153846156
0.3333333333333333
0.3333333333333333
0.3
0.3333333333333333
0.2
0.5
0.3
0.4
0.4594594594594595
0.35
0.42857142857142855
0.3333333333333333
0.5
0.6666666666666666
0.14285714285714285
0.8888888888888888
0.5714285714285714
0.6
1.0
1.0
0.6
0.30434782608695654
0.5
0.125
0.16666666666666666
0.0
0.3333333333333333
0.0
0.7
0.5555555555555556
0.3333333333333333
0.6
0.2222222222222222
0.2727272727272727
0.6
0.5
0.42857142857142855
0.2857142857142857
0.5
0.47058823529411764
0.3333333333333333
0.38461538461538464
0.5333333333333333
0.375
0.5555555555555556
0.3888888888888889
0.2857142857142857
0.3333333333333333
0.5
0.7272727272727273
0.375
0.25
0.2727272727272727
0.375
0.38461538461538464
0.3333333333333333
0.0
0.3
0.5714285714285714
0.0
0.5
0.23076923076923078
0.1
0.3
0.5
0.5
0.15789473684210525
0.5
0.2
0.375
0.5
0.5
0.1111111111111111
0.5714285714285714
0.4444444444444444
0.46153846153846156
0.42857142857142855
0.46153846153846156
0.40625
0.5
0.5714285714285714
0.4
0.6666666666666666
0.5
0.6428571428571429
0.45454545454545453
0.47619047619047616
0.3939393939393939
0.5454545454545454
0.28
0.5625
0.42105263157894735
0.5
0.3333333333333333
0.5
0.5
0.45454545454545453
0.4
0.0
0.5652173913043478
0.75
0.25
0.3333333333333333
0.6666666666666666
0.2
0.6
0.43636363636363634
0.3333333333333333
0.6363636363636364
0.6666666666666666
0.45454545454545453
0.4
0.5263157894736842
0.5555555555555556
0.4
0.42857142857142855
0.0
1.0
0.5
0.0
0.39285714285714285
0.5555555555555556
0.5
0.0
0.0
0.5
0.2727272727272727
0.5
0.46153846153846156
0.4444444444444444
0.42857142857142855
0.38461538461538464
0.4583333333333333
0.75
0.21428571428571427
0.5555555555555556
0.45
0.2857142857142857
0.4
0.5238095238095238
0.36363636363636365
0.4
0.2727272727272727
0.5714285714285714
0.36363636363636365
0.25
0.36363636363636365
0.4375
0.4583333333333333
0.32
0.47058823529411764
0.425
0.3225806451612903
0.45
0.47058823529411764
0.45454545454545453
0.6666666666666666
0.4
0.5
0.52
0.41379310344827586
0.5
0.2894736842105263
0.3333333333333333
0.4
0.42857142857142855
0.375
0.6666666666666666
0.36363636363636365
0.5
0.45454545454545453
0.4444444444444444
0.5555555555555556
0.6666666666666666
0.6
0.3333333333333333
0.5555555555555556
0.36363636363636365
0.4
0.625
1.0
0.5
0.5
0.3333333333333333
0.6666666666666666
0.4375
0.3333333333333333
0.5
0.2
0.3103448275862069
0.3125
0.42857142857142855
0.5
0.5714285714285714
0.34782608695652173
0.25
0.6666666666666666
0.4444444444444444
0.5294117647058824
0.5
0.47368421052631576
0.625
0.29411764705882354
0.5652173913043478
0.3333333333333333
0.5
0.4166666666666667
0.36
0.37037037037037035
0.6666666666666666
0.4166666666666667
0.5625
0.5
0.3333333333333333
0.4166666666666667
0.4444444444444444
0.4090909090909091
0.4166666666666667
0.5555555555555556
0.5
