2.6315789473684212
2.0
1.8571428571428572
1.4285714285714286
3.4615384615384617
1.75
2.08
1.3333333333333333
1.6363636363636365
1.1428571428571428
3.0714285714285716
1.0
1.6666666666666667
2.5
1.2727272727272727
2.966666666666667
1.7222222222222223
2.1875
1.4285714285714286
3.0
2.838709677419355
2.08
1.2857142857142858
2.111111111111111
2.625
3.1818181818181817
1.6956521739130435
1.8125
1.7857142857142858
3.2564102564102564
2.12
1.7142857142857142
4.212121212121212
4.285714285714286
1.5454545454545454
2.1875
2.088235294117647
3.303030303030303
3.0
1.5
1.4285714285714286
1.380952380952381
2.176470588235294
2.53125
4.219512195121951
1.8666666666666667
1.6363636363636365
2.0
1.5
1.9230769230769231
1.64
2.0
2.3157894736842106
1.8125
2.210526315789474
2.888888888888889
1.8571428571428572
1.6111111111111112
1.9583333333333333
1.4166666666666667
2.176470588235294
2.5625
1.5384615384615385
2.1666666666666665
1.3
2.2
2.310344827586207
1.3636363636363635
3.0555555555555554
3.6
1.8
1.7142857142857142
2.357142857142857
2.0
2.15
3.225806451612903
1.0
2.3846153846153846
3.0
3.260869565217391
0.5
2.8
1.2857142857142858
2.8292682926829267
2.2222222222222223
2.5454545454545454
1.625
2.142857142857143
2.272727272727273
3.5
1.7333333333333334
2.6842105263157894
2.0
2.5945945945945947
2.217391304347826
2.0714285714285716
2.185185185185185
2.739130434782609
1.9583333333333333
2.2777777777777777
2.4642857142857144
1.7142857142857142
1.6153846153846154
1.3333333333333333
1.2857142857142858
1.75
2.3157894736842106
2.6578947368421053
2.740740740740741
2.27027027027027
2.923076923076923
2.6122448979591835
4.157894736842105
2.3333333333333335
1.2222222222222223
2.28
2.473684210526316
1.1428571428571428
2.090909090909091
2.7096774193548385
2.1666666666666665
2.12
1.7857142857142858
2.1666666666666665
1.9555555555555555
1.0
1.5333333333333334
2.0555555555555554
1.4705882352941178
2.090909090909091
1.8214285714285714
2.725806451612903
1.5555555555555556
2.5185185185185186
1.5
2.6206896551724137
1.25
1.3333333333333333
1.9411764705882353
1.6153846153846154
1.6
2.1176470588235294
1.5555555555555556
3.0689655172413794
2.0
1.9375
3.090909090909091
3.3636363636363638
2.0
2.142857142857143
2.9285714285714284
1.7
1.92
2.36
1.7222222222222223
2.75
2.9285714285714284
1.5555555555555556
1.1666666666666667
2.090909090909091
2.48
2.25
2.0526315789473686
2.3333333333333335
2.323529411764706
2.3157894736842106
3.56
3.787878787878788
1.7272727272727273
3.03125
1.7272727272727273
2.0
2.433333333333333
3.4468085106382977
3.2291666666666665
2.0
2.1666666666666665
2.5217391304347827
3.0714285714285716
3.212121212121212
1.7647058823529411
2.75
1.7894736842105263
2.619047619047619
1.8695652173913044
2.3333333333333335
1.7727272727272727
1.72
2.8214285714285716
1.7058823529411764
2.0
0.6666666666666666
3.6
3.1621621621621623
1.9545454545454546
2.272727272727273
2.2285714285714286
1.3
3.72972972972973
2.588235294117647
1.9411764705882353
1.6470588235294117
1.1428571428571428
1.7857142857142858
4.074074074074074
2.6666666666666665
1.75
2.1666666666666665
1.4705882352941178
2.2
1.7692307692307692
3.130434782608696
1.7727272727272727
1.4705882352941178
1.8
2.1739130434782608
2.4347826086956523
2.5142857142857142
2.4193548387096775
2.4242424242424243
1.0
1.9285714285714286
2.411764705882353
2.388888888888889
2.0
1.9411764705882353
2.0869565217391304
2.4516129032258065
2.2962962962962963
2.375
2.0869565217391304
2.857142857142857
3.090909090909091
3.586206896551724
2.4
1.6428571428571428
1.7692307692307692
2.2580645161290325
2.2857142857142856
2.607142857142857
2.1176470588235294
1.8823529411764706
2.263157894736842
2.375
2.689655172413793
3.3863636363636362
2.7241379310344827
2.586206896551724
3.037037037037037
2.658536585365854
1.6153846153846154
1.3846153846153846
1.3846153846153846
3.413793103448276
3.7674418604651163
2.8
2.3823529411764706
2.8
1.5384615384615385
1.9473684210526316
3.037037037037037
2.142857142857143
2.676470588235294
3.38
2.9166666666666665
1.2727272727272727
2.076923076923077
3.3488372093023258
1.9655172413793103
3.125
1.0
3.1555555555555554
2.3333333333333335
2.1666666666666665
1.6666666666666667
3.3636363636363638
1.5714285714285714
2.1666666666666665
2.4166666666666665
2.2
2.413793103448276
2.878787878787879
3.0555555555555554
2.2857142857142856
1.6666666666666667
1.2857142857142858
2.076923076923077
1.1428571428571428
1.0
1.9393939393939394
1.0
2.3214285714285716
1.1111111111111112
1.75
0.8
3.0357142857142856
1.9655172413793103
2.1875
1.4666666666666666
3.5606060606060606
2.5945945945945947
2.0
1.7916666666666667
2.806451612903226
2.235294117647059
2.0
2.125
1.375
2.409090909090909
1.736842105263158
1.6923076923076923
2.814814814814815
2.6315789473684212
1.96875
3.2413793103448274
2.757575757575758
2.1515151515151514
1.9130434782608696
2.9583333333333335
2.2
1.92
2.1
2.875
2.0
1.8571428571428572
2.1363636363636362
3.5964912280701755
2.74
2.032258064516129
1.9705882352941178
2.1578947368421053
1.6538461538461537
2.129032258064516
2.129032258064516
3.185185185185185
2.0344827586206895
2.25
2.433333333333333
1.9333333333333333
3.260869565217391
2.0833333333333335
1.9
2.0625
3.347826086956522
2.04
3.0
1.7647058823529411
1.3333333333333333
2.0869565217391304
2.652173913043478
2.0697674418604652
2.5
2.1176470588235294
1.4444444444444444
1.0
1.3333333333333333
3.1724137931034484
1.7142857142857142
1.1666666666666667
2.68
1.631578947368421
2.1219512195121952
2.16
1.6333333333333333
2.1153846153846154
2.16
1.5
2.0
2.2222222222222223
2.6470588235294117
1.5263157894736843
3.0
2.3125
2.324324324324324
1.9583333333333333
3.2222222222222223
2.789473684210526
2.3636363636363638
3.4565217391304346
1.9310344827586208
2.210526315789474
1.6666666666666667
1.92
2.0384615384615383
1.4444444444444444
1.8518518518518519
2.6296296296296298
2.6666666666666665
1.6428571428571428
1.5454545454545454
1.5
1.8
1.8333333333333333
2.5714285714285716
2.75
1.9166666666666667
0.8333333333333334
1.6
2.3214285714285716
2.27027027027027
3.0256410256410255
2.0344827586206895
2.1818181818181817
2.1578947368421053
3.3636363636363638
4.230769230769231
1.4
1.4615384615384615
1.3333333333333333
2.2083333333333335
2.2777777777777777
2.0869565217391304
2.2222222222222223
0.6666666666666666
1.3636363636363635
1.92
1.962962962962963
3.2222222222222223
2.774193548387097
2.1578947368421053
2.0714285714285716
2.04
2.973684210526316
2.189189189189189
2.423076923076923
1.0
2.289473684210526
2.4594594594594597
1.9583333333333333
2.566666666666667
2.235294117647059
2.230769230769231
2.6538461538461537
3.2962962962962963
2.3076923076923075
1.75
1.78125
1.6842105263157894
2.0625
1.5862068965517242
0.8333333333333334
2.0
2.6486486486486487
3.3333333333333335
1.75
4.111111111111111
1.8421052631578947
2.0
2.3333333333333335
2.0
1.9655172413793103
1.76
2.125
4.568181818181818
2.6
1.125
2.1578947368421053
2.588235294117647
1.6875
2.0
1.8333333333333333
0.0
0.0
