2.840909090909091
2.857142857142857
0.8571428571428571
1.4285714285714286
1.4615384615384615
2.0
1.8333333333333333
1.4615384615384615
1.4285714285714286
1.6666666666666667
2.5833333333333335
2.7083333333333335
1.9333333333333333
2.142857142857143
1.2857142857142858
2.2857142857142856
1.6842105263157894
1.4166666666666667
2.3043478260869565
1.9230769230769231
2.263157894736842
2.0
2.259259259259259
2.1363636363636362
3.0
2.8
1.95
1.0
1.25
1.56
1.3333333333333333
2.8823529411764706
1.8
2.032258064516129
1.8181818181818181
1.4285714285714286
1.8888888888888888
1.2857142857142858
1.6428571428571428
1.7
3.0555555555555554
2.875
1.3571428571428572
2.7142857142857144
2.1875
1.3636363636363635
3.6
1.7619047619047619
2.260869565217391
1.4444444444444444
2.625
2.896551724137931
2.08
2.9302325581395348
1.7142857142857142
3.0294117647058822
2.130434782608696
2.7142857142857144
3.2
3.3333333333333335
3.2222222222222223
1.375
1.75
1.8125
1.6363636363636365
0.6666666666666666
1.3636363636363635
2.1176470588235294
2.9285714285714284
3.4375
1.9166666666666667
2.2666666666666666
2.590909090909091
1.0
2.4
2.0
1.2
1.1428571428571428
1.6153846153846154
0.6666666666666666
1.5384615384615385
2.6363636363636362
2.292682926829268
2.3461538461538463
3.125
1.7058823529411764
2.888888888888889
1.736842105263158
3.169491525423729
2.24
1.1428571428571428
3.0
1.3333333333333333
1.7142857142857142
3.0535714285714284
2.1666666666666665
3.272727272727273
2.606060606060606
2.3333333333333335
3.142857142857143
2.3333333333333335
1.7333333333333334
2.2222222222222223
1.5384615384615385
1.7272727272727273
2.25
2.823529411764706
2.2941176470588234
3.5365853658536586
3.5
2.7083333333333335
1.5
3.0
1.3333333333333333
1.625
1.2222222222222223
2.0
2.090909090909091
2.3043478260869565
3.375
2.2142857142857144
3.272727272727273
1.625
2.736842105263158
2.0476190476190474
2.235294117647059
2.6
1.25
1.6363636363636365
2.5
2.263157894736842
2.15625
2.2857142857142856
1.7272727272727273
2.8292682926829267
2.7666666666666666
2.6470588235294117
3.111111111111111
2.7857142857142856
2.6842105263157894
1.9375
2.7857142857142856
2.5714285714285716
2.5517241379310347
1.1428571428571428
3.324324324324324
0.75
2.8333333333333335
3.5283018867924527
2.0
1.125
2.8214285714285716
2.1724137931034484
2.25
2.7916666666666665
3.6470588235294117
2.575
1.9473684210526316
2.375
2.3703703703703702
2.25
1.7272727272727273
1.8333333333333333
1.7272727272727273
1.1428571428571428
1.8461538461538463
2.4285714285714284
2.55
2.066666666666667
2.5714285714285716
1.25
2.0
2.0
2.9583333333333335
1.4
1.625
1.6428571428571428
2.55
3.225806451612903
2.5
4.947368421052632
1.1428571428571428
1.625
1.0
3.2244897959183674
1.6
1.9090909090909092
1.8
1.2
2.0526315789473686
2.1
1.8181818181818181
1.6
2.1578947368421053
2.3636363636363638
1.3846153846153846
1.5625
1.6363636363636365
1.0
1.6428571428571428
1.1428571428571428
1.7142857142857142
2.142857142857143
1.4444444444444444
1.7894736842105263
4.0
2.4210526315789473
2.076923076923077
2.4390243902439024
2.272727272727273
1.75
1.8461538461538463
2.0
2.0
2.0625
2.5
1.9375
1.5833333333333333
2.3125
3.111111111111111
2.5208333333333335
1.2222222222222223
2.2941176470588234
1.9473684210526316
1.2
2.090909090909091
1.0
2.1578947368421053
1.2727272727272727
2.53125
1.7857142857142858
1.736842105263158
2.3
1.9090909090909092
2.5
3.1153846153846154
2.0416666666666665
3.2439024390243905
2.04
2.2333333333333334
1.9545454545454546
2.4705882352941178
2.6857142857142855
1.5833333333333333
1.7142857142857142
1.6363636363636365
2.161290322580645
2.0625
2.4347826086956523
2.5416666666666665
2.111111111111111
2.75
2.310344827586207
1.631578947368421
2.7241379310344827
2.125
1.6428571428571428
1.5454545454545454
1.7
1.8125
2.1052631578947367
1.0
1.6111111111111112
1.9411764705882353
1.375
2.3333333333333335
2.9047619047619047
1.25
1.3333333333333333
1.1111111111111112
2.1818181818181817
2.0833333333333335
2.526315789473684
2.1904761904761907
1.7333333333333334
2.125
1.7142857142857142
1.4
1.0
2.4166666666666665
2.125
1.1666666666666667
0.6666666666666666
0.6
2.4347826086956523
2.5416666666666665
2.111111111111111
2.75
2.310344827586207
1.631578947368421
2.7241379310344827
2.125
1.6428571428571428
1.5454545454545454
1.7
1.8125
2.1052631578947367
1.0
1.6111111111111112
1.9411764705882353
1.375
2.3333333333333335
2.9047619047619047
1.25
1.3333333333333333
1.1111111111111112
2.1818181818181817
2.0833333333333335
2.526315789473684
2.1904761904761907
1.7333333333333334
2.125
1.7142857142857142
1.4
1.0
2.4166666666666665
2.125
1.1666666666666667
0.6666666666666666
0.6
2.4347826086956523
2.5416666666666665
1.8461538461538463
1.5454545454545454
1.75
1.4285714285714286
2.9285714285714284
0.6666666666666666
1.6363636363636365
1.4
2.48
1.8461538461538463
1.2
1.9166666666666667
1.3333333333333333
1.75
2.566666666666667
1.8666666666666667
1.4444444444444444
2.25
1.6153846153846154
1.7857142857142858
2.0625
1.4444444444444444
1.4
3.380952380952381
2.375
1.6
1.2222222222222223
1.75
1.2222222222222223
0.8
1.5
1.7777777777777777
3.3448275862068964
1.7272727272727273
0.6666666666666666
1.7619047619047619
1.4444444444444444
1.0
1.8181818181818181
2.6666666666666665
2.0
1.3636363636363635
1.0
0.6666666666666666
1.6
1.5454545454545454
1.0
1.6470588235294117
1.4
1.3846153846153846
2.8461538461538463
1.7777777777777777
2.3666666666666667
1.911764705882353
2.066666666666667
2.0
2.2941176470588234
2.1363636363636362
1.625
1.9523809523809523
1.5714285714285714
1.6153846153846154
1.8125
1.4615384615384615
2.375
2.857142857142857
2.1666666666666665
2.2857142857142856
2.3684210526315788
2.7083333333333335
2.36
1.875
1.6153846153846154
2.0714285714285716
1.3333333333333333
2.3333333333333335
0.5
2.586206896551724
1.6
1.2222222222222223
1.5714285714285714
1.6
1.6363636363636365
1.2727272727272727
3.5081967213114753
1.9310344827586208
2.111111111111111
0.75
2.769230769230769
2.2580645161290325
1.5384615384615385
3.25
2.3157894736842106
2.676470588235294
0.6666666666666666
0.5
0.6666666666666666
0.5
2.161290322580645
2.090909090909091
0.6666666666666666
0.6666666666666666
0.5
2.56
3.25
2.1
1.4666666666666666
1.95
1.8181818181818181
4.103448275862069
3.064516129032258
1.2
2.0
2.2758620689655173
1.9047619047619047
1.8888888888888888
1.1666666666666667
2.375
1.5833333333333333
2.4545454545454546
1.4166666666666667
1.5555555555555556
1.3571428571428572
2.185185185185185
2.36
1.588235294117647
1.7692307692307692
3.032258064516129
2.6666666666666665
2.073170731707317
2.0
3.0434782608695654
2.9047619047619047
2.4444444444444446
1.375
2.4166666666666665
1.0
2.962962962962963
2.2580645161290325
2.5714285714285716
2.2195121951219514
0.8
1.3333333333333333
1.4
2.411764705882353
2.272727272727273
1.5833333333333333
2.0588235294117645
1.75
1.4
1.7
1.75
2.0
1.7142857142857142
2.5483870967741935
2.1333333333333333
1.7142857142857142
1.6666666666666667
0.5
1.1666666666666667
1.0
1.4
1.1428571428571428
2.5555555555555554
1.7142857142857142
1.0
2.125
2.935483870967742
2.9444444444444446
2.782608695652174
1.8461538461538463
2.75
1.84
1.0
0.75
1.7
2.1052631578947367
1.1666666666666667
1.7
1.2222222222222223
2.473684210526316
2.3076923076923075
2.5
1.0
1.5384615384615385
2.269230769230769
2.2142857142857144
2.25
2.230769230769231
1.631578947368421
2.7419354838709675
1.4285714285714286
1.3846153846153846
1.7272727272727273
3.52
2.357142857142857
1.7
1.4444444444444444
