3.759302188063161
3.0822070014844885
2.3533936216582085
1.7320508075688774
3.165869118066518
2.23606797749979
2.931763649279746
1.8708286933869707
2.121320343559643
1.5811388300841895
3.165869118066518
1.2247448713915892
1.7320508075688774
2.757764159222963
1.7888543819998317
2.857738033247041
2.82842712474619
2.7386127875258306
1.7320508075688774
2.6666666666666665
3.394112549695428
3.24037034920393
1.5811388300841895
2.4009801919951235
2.4494897427831783
3.0
2.7136021011998728
2.2677868380553634
2.5495097567963927
3.625
3.391164991562634
2.5495097567963927
2.9698484809834995
3.391164991562634
2.23606797749979
2.2677868380553634
3.302003302004953
3.6147844564602556
3.375
1.7320508075688774
2.3533936216582085
2.687936011143122
2.4748737341529163
3.485685011586675
3.4661629670697414
2.5495097567963927
2.0
2.121320343559643
2.5495097567963927
2.4494897427831783
2.931763649279746
2.7386127875258306
3.0
2.6457513110645903
2.5724787771376323
2.008316044185609
2.345207879911715
2.82842712474619
3.00416377715996
2.345207879911715
2.651650429449553
3.545273687212509
2.4494897427831783
2.5724787771376323
2.121320343559643
3.151354388633341
3.3407655239053047
2.0124611797498106
3.6830036830055244
2.3533936216582085
2.0
2.5495097567963927
2.345207879911715
2.2453655975512468
2.91547594742265
3.464101615137755
1.414213562373095
3.0310889132455356
2.5495097567963927
2.757764159222963
0.7071067811865475
2.743977362280141
1.7320508075688774
3.719924439802217
2.5495097567963927
1.8708286933869707
1.7320508075688774
2.3533936216582085
2.23606797749979
3.00416377715996
2.6457513110645903
3.771236166328254
3.3565855667130946
3.516766563026828
3.3166247903554
3.3197640478403483
3.111269837220809
2.8333333333333335
2.931763649279746
2.5724787771376323
3.1895261282950678
2.3533936216582085
2.1320071635561044
1.6035674514745464
1.4433756729740645
2.2677868380553634
3.70520868893662
3.771236166328254
3.466876226407682
3.3234702564419836
3.8247315498700596
4.005551702879947
3.9370039370059056
3.3407655239053047
2.0
3.3166247903554
3.8247315498700596
1.5811388300841895
3.24037034920393
3.2071349029490928
3.545273687212509
3.0962810792528397
2.4494897427831783
3.0962810792528397
4.00693842672377
1.7320508075688774
2.456769074559977
3.375
2.82842712474619
2.919985580353726
3.162277660168379
3.8851434494290564
2.91547594742265
3.111269837220809
2.121320343559643
2.9698484809834995
2.7386127875258306
2.0
2.556038601690775
2.4494897427831783
2.121320343559643
2.7386127875258306
2.743977362280141
3.243723035407737
2.9488391230979425
2.556038601690775
3.00416377715996
3.00416377715996
2.345207879911715
2.5495097567963927
2.9698484809834995
1.6035674514745464
3.165869118066518
3.24037034920393
2.556038601690775
2.5724787771376323
3.165869118066518
1.7320508075688774
1.2247448713915892
3.474396144861517
2.8643577734887544
2.3717082451262845
2.82842712474619
2.3333333333333335
3.4139672543527864
2.82842712474619
2.5955427380922007
3.12990356022295
2.0
3.3407655239053047
2.0
2.91547594742265
3.394112549695428
3.7310125362231825
3.533808834395089
2.6231569493555624
2.6457513110645903
3.00416377715996
3.0962810792528397
3.3407655239053047
2.82842712474619
3.2526911934581184
2.743977362280141
3.0822070014844885
3.165869118066518
2.8333333333333335
3.00416377715996
2.7774602993176543
2.91547594742265
2.5495097567963927
1.5811388300841895
1.0
3.801315561749642
3.585685828003181
3.086066999241838
3.00416377715996
3.4290034290051437
2.121320343559643
3.6380343755449944
2.5495097567963927
2.556038601690775
2.651650429449553
2.4494897427831783
2.3533936216582085
3.24037034920393
3.1754264805429417
2.8333333333333335
3.086066999241838
2.556038601690775
3.4290034290051437
2.2453655975512468
3.0822070014844885
3.00416377715996
2.82842712474619
2.4494897427831783
3.086066999241838
3.00416377715996
3.1529631254723287
3.7416573867739413
3.4139672543527864
1.8708286933869707
2.5495097567963927
2.7386127875258306
2.91547594742265
2.121320343559643
2.651650429449553
3.015113445777636
3.5381518506868126
3.0310889132455356
2.931763649279746
2.743977362280141
2.91547594742265
2.919985580353726
3.3197640478403483
2.4494897427831783
2.3533936216582085
2.23606797749979
3.1895261282950678
1.5811388300841895
2.773500981126146
3.151354388633341
2.4748737341529163
3.375
3.7527767497325675
2.721655269759087
3.849741916091625
3.243723035407737
3.0310889132455356
3.838579669298401
3.653385036130496
2.9488391230979425
2.345207879911715
2.345207879911715
3.111269837220809
3.603676801058398
2.4009801919951235
3.048003048004572
3.015113445777636
2.23606797749979
2.651650429449553
3.0962810792528397
2.8333333333333335
3.048003048004572
3.9131189606246317
2.0
2.121320343559643
2.886751345948129
3.670651741928988
3.328201177351375
4.5
1.5811388300841895
4.076197322920544
2.919985580353726
2.82842712474619
2.345207879911715
3.283603399019327
2.3533936216582085
2.345207879911715
3.243723035407737
4.005551702879947
3.12990356022295
3.6765801200722312
2.456769074559977
3.3197640478403483
2.0
1.5811388300841895
2.121320343559643
1.7320508075688774
1.414213562373095
3.625
0.7071067811865475
2.912176030182453
2.0
2.0124611797498106
1.414213562373095
3.466876226407682
3.328201177351375
3.7438839013338363
2.6457513110645903
4.050528318752623
3.516766563026828
3.2826608214930637
3.165869118066518
3.12990356022295
2.1908902300206643
2.2453655975512468
3.015113445777636
1.8708286933869707
3.162277660168379
2.6666666666666665
2.4494897427831783
3.3166247903554
3.4661629670697414
3.4139672543527864
3.4020690871988584
3.25
3.5
3.086066999241838
2.919985580353726
3.162277660168379
3.243723035407737
3.5381518506868126
2.6457513110645903
3.2526911934581184
3.674234614174767
2.687936011143122
4.370786380607688
4.370614685290014
3.7438839013338363
3.6830036830055244
2.7386127875258306
3.464101615137755
3.4020690871988584
3.4139672543527864
3.165869118066518
3.2526911934581184
2.743977362280141
3.05085107923876
2.5495097567963927
2.919985580353726
2.23606797749979
2.757764159222963
2.2677868380553634
2.757764159222963
2.9488391230979425
3.9000674757995495
2.651650429449553
2.345207879911715
3.0822070014844885
2.7774602993176543
4.13672575837461
3.00416377715996
2.556038601690775
2.0
1.2247448713915892
1.5811388300841895
3.5381518506868126
2.5495097567963927
1.5811388300841895
3.00416377715996
2.6666666666666665
3.371181523570759
3.6099743619057767
2.9698484809834995
3.165869118066518
3.165869118066518
2.6457513110645903
2.23606797749979
3.125
3.6830036830055244
2.82842712474619
3.585685828003181
3.4020690871988584
3.5
3.165869118066518
2.7386127875258306
3.3466401061363023
2.5298221281347035
3.9524197172898554
3.466876226407682
3.585685828003181
3.162277660168379
3.1754264805429417
3.2526911934581184
2.82842712474619
3.3197640478403483
3.466876226407682
2.4494897427831783
2.3533936216582085
2.23606797749979
2.0
2.8333333333333335
1.5811388300841895
2.857738033247041
3.165869118066518
2.23606797749979
1.5811388300841895
2.456769074559977
3.0310889132455356
3.6927447293799815
3.516766563026828
3.4020690871988584
3.24037034920393
2.2980970388562794
2.91547594742265
3.086066999241838
1.2247448713915892
2.345207879911715
1.5811388300841895
3.0962810792528397
2.82842712474619
2.931763649279746
2.4748737341529163
1.0
2.23606797749979
3.243723035407737
3.243723035407737
3.3234702564419836
3.5381518506868126
3.603676801058398
2.5495097567963927
3.3197640478403483
3.585685828003181
3.944254410803499
3.1754264805429417
1.414213562373095
3.585685828003181
4.063777271736939
3.243723035407737
3.265986323710904
3.1750031750047625
2.6539552107881486
3.086066999241838
3.111269837220809
3.0641293851417064
2.6666666666666665
3.4139672543527864
2.8333333333333335
3.3565855667130946
3.3407655239053047
1.2247448713915892
3.3197640478403483
3.375
2.9488391230979425
2.4961508830135313
3.5777087639996634
3.0
3.0
2.345207879911715
3.111269837220809
3.5355339059327373
2.7774602993176543
2.556038601690775
3.670651741928988
2.0
1.7320508075688774
2.743977362280141
2.456769074559977
2.7386127875258306
3.0822070014844885
2.91547594742265
0
0
