3.465905365124674
2.345207879911715
1.7320508075688774
1.5811388300841895
2.345207879911715
2.82842712474619
2.121320343559643
2.2453655975512468
1.7320508075688774
1.8708286933869707
3.243723035407737
3.165869118066518
2.6457513110645903
3.0983866769659336
1.7320508075688774
2.5495097567963927
3.0
2.1320071635561044
3.015113445777636
2.4494897427831783
2.5724787771376323
2.456769074559977
3.111269837220809
2.919985580353726
2.7386127875258306
3.0
2.91547594742265
1.885618083164127
1.8708286933869707
3.243723035407737
1.5811388300841895
3.556003556005334
2.0
3.6080267658177294
2.121320343559643
2.5495097567963927
2.0
2.3533936216582085
3.243723035407737
3.0822070014844885
3.1529631254723287
2.6457513110645903
2.5495097567963927
3.2526911934581184
1.889822365046136
2.0
2.5
2.919985580353726
3.086066999241838
2.0
3.086066999241838
3.394112549695428
2.8643577734887544
4.184914994777494
2.3533936216582085
3.569653238400649
3.086066999241838
2.919985580353726
2.7774602993176543
3.6927447293799815
3.485685011586675
2.556038601690775
2.919985580353726
2.6457513110645903
2.23606797749979
1.0
2.23606797749979
3.569653238400649
3.603676801058398
3.7416573867739413
2.1320071635561044
2.23606797749979
3.6442403604699356
1.5811388300841895
3.0822070014844885
2.3533936216582085
2.121320343559643
1.7320508075688774
2.2453655975512468
1.0
2.041241452319315
3.709704134011871
3.8361720785460363
3.2526911934581184
2.7774602993176543
2.7386127875258306
1.8708286933869707
2.5724787771376323
4.157609203101499
2.8643577734887544
1.7320508075688774
2.556038601690775
1.5811388300841895
2.345207879911715
3.2674868918230255
2.743977362280141
2.4333213169614383
3.4020690871988584
2.757764159222963
2.91547594742265
2.82842712474619
2.5495097567963927
2.4748737341529163
2.23606797749979
2.23606797749979
2.23606797749979
4.400329899655985
2.1908902300206643
2.5927248643506746
3.0310889132455356
2.687936011143122
2.345207879911715
2.82842712474619
2.0
1.7320508075688774
2.0
2.3533936216582085
2.121320343559643
2.846049894151541
4.458963213705229
2.2453655975512468
3.162277660168379
2.556038601690775
2.651650429449553
2.5955427380922007
2.456769074559977
2.6231569493555624
1.8708286933869707
1.7320508075688774
2.5495097567963927
2.057983021710106
3.6147844564602556
2.4494897427831783
2.0124611797498106
4.014775342734831
3.5381518506868126
2.6457513110645903
2.456769074559977
1.6035674514745464
2.82842712474619
2.1320071635561044
2.4494897427831783
2.651650429449553
3.0735042819928804
1.7320508075688774
3.6147844564602556
1.2247448713915892
3.8158362203593144
4.444671196029727
2.4748737341529163
1.8708286933869707
3.1895261282950678
3.466876226407682
2.5724787771376323
2.9488391230979425
3.440487831941734
4.068667356033675
2.8333333333333335
2.456769074559977
3.2526911934581184
2.345207879911715
2.0124611797498106
3.243723035407737
2.121320343559643
1.7320508075688774
2.345207879911715
2.2453655975512468
2.8333333333333335
2.1572774865200244
2.919985580353726
1.8708286933869707
1.414213562373095
2.7386127875258306
2.9488391230979425
2.5955427380922007
1.8708286933869707
2.5495097567963927
2.5955427380922007
3.466876226407682
3.265986323710904
4.37880269519857
1.7320508075688774
1.8708286933869707
1.2247448713915892
3.9617738670844207
2.6457513110645903
2.931763649279746
2.6457513110645903
1.885618083164127
2.5724787771376323
2.8333333333333335
2.23606797749979
2.121320343559643
2.82842712474619
3.8651034126196286
2.4494897427831783
2.456769074559977
2.23606797749979
1.2247448713915892
3.4020690871988584
1.7320508075688774
2.5495097567963927
1.9466570535691505
2.0
2.82842712474619
2.3533936216582085
2.651650429449553
2.4494897427831783
3.396831102433787
2.0
3.3166247903554
2.4494897427831783
1.8708286933869707
2.6457513110645903
3.151354388633341
3.00416377715996
2.7386127875258306
2.345207879911715
2.7386127875258306
3.719924439802217
3.7310125362231825
2.0
3.938927711338647
2.91547594742265
2.121320343559643
3.0822070014844885
1.414213562373095
2.82842712474619
2.23606797749979
3.556003556005334
2.5495097567963927
2.6666666666666665
2.919985580353726
3.24037034920393
3.015113445777636
3.0962810792528397
2.8643577734887544
4.00693842672377
3.243723035407737
3.6080267658177294
2.919985580353726
2.4494897427831783
3.25
2.1320071635561044
2.3533936216582085
2.931763649279746
2.9698484809834995
2.6457513110645903
3.00416377715996
3.243723035407737
2.0
2.846049894151541
3.391164991562634
2.91547594742265
3.1895261282950678
1.7320508075688774
2.3533936216582085
3.086066999241838
2.0
2.556038601690775
2.8333333333333335
1.7320508075688774
2.743977362280141
2.5495097567963927
1.7320508075688774
2.886751345948129
2.846049894151541
1.7320508075688774
1.5811388300841895
2.0
2.23606797749979
2.23606797749979
3.719924439802217
3.162277660168379
2.6457513110645903
1.7320508075688774
2.4494897427831783
1.2247448713915892
1.8708286933869707
2.121320343559643
3.24037034920393
1.5811388300841895
1.0
1.0
3.00416377715996
3.243723035407737
2.0
2.846049894151541
3.391164991562634
2.91547594742265
3.1895261282950678
1.7320508075688774
2.3533936216582085
3.086066999241838
2.0
2.556038601690775
2.8333333333333335
1.7320508075688774
2.743977362280141
2.5495097567963927
1.7320508075688774
2.886751345948129
2.846049894151541
1.7320508075688774
1.5811388300841895
2.0
2.23606797749979
2.23606797749979
3.719924439802217
3.162277660168379
2.6457513110645903
1.7320508075688774
2.4494897427831783
1.2247448713915892
1.8708286933869707
2.121320343559643
3.24037034920393
1.5811388300841895
1.0
1.0
3.00416377715996
3.243723035407737
2.2453655975512468
2.82842712474619
2.4494897427831783
1.5811388300841895
3.0310889132455356
1.0
2.23606797749979
2.121320343559643
3.3197640478403483
2.23606797749979
2.121320343559643
2.1320071635561044
1.5811388300841895
1.7320508075688774
3.3407655239053047
2.6457513110645903
2.0
2.91547594742265
2.4494897427831783
2.5495097567963927
2.7386127875258306
2.0
2.121320343559643
3.0
2.456769074559977
2.121320343559643
2.0
2.345207879911715
2.0
1.414213562373095
2.345207879911715
2.0
3.05085107923876
1.885618083164127
1.0
2.846049894151541
1.8708286933869707
1.2247448713915892
2.23606797749979
2.773500981126146
2.23606797749979
2.23606797749979
1.414213562373095
1.0
3.0822070014844885
2.23606797749979
1.5811388300841895
2.651650429449553
1.414213562373095
2.4494897427831783
2.121320343559643
1.8708286933869707
3.4020690871988584
3.328201177351375
2.6457513110645903
2.5495097567963927
3.5
3.162277660168379
1.8708286933869707
2.687936011143122
1.7320508075688774
2.23606797749979
1.7008401285415224
2.345207879911715
3.24037034920393
3.569653238400649
2.345207879911715
3.394112549695428
2.82842712474619
2.5955427380922007
3.162277660168379
2.4494897427831783
2.23606797749979
2.2453655975512468
2.345207879911715
2.556038601690775
0.7071067811865475
3.0962810792528397
2.0
2.0
2.4494897427831783
2.121320343559643
2.23606797749979
2.23606797749979
3.9091966159069287
3.12990356022295
3.165869118066518
1.2247448713915892
2.345207879911715
3.111269837220809
2.919985580353726
2.9938207967349952
2.7386127875258306
3.474396144861517
1.0
0.7071067811865475
1.0
0.7071067811865475
3.0735042819928804
2.121320343559643
1.0
1.0
0.7071067811865475
3.0310889132455356
3.165869118066518
1.4433756729740645
2.3533936216582085
2.8333333333333335
1.3363062095621219
3.466876226407682
3.3197640478403483
1.414213562373095
2.456769074559977
3.4020690871988584
3.00416377715996
1.8708286933869707
1.5811388300841895
2.7774602993176543
2.345207879911715
2.5298221281347035
2.345207879911715
1.8708286933869707
2.345207879911715
3.1754264805429417
3.165869118066518
2.651650429449553
3.464101615137755
3.2526911934581184
4.001837813099494
4.2485291572496005
3.556003556005334
3.162277660168379
2.91547594742265
3.015113445777636
1.7320508075688774
2.846049894151541
1.414213562373095
3.5355339059327373
3.545273687212509
2.23606797749979
4.129483209670111
1.2247448713915892
1.5811388300841895
2.456769074559977
2.82842712474619
2.121320343559643
2.345207879911715
2.456769074559977
2.1320071635561044
1.885618083164127
2.121320343559643
1.7320508075688774
2.7386127875258306
2.4494897427831783
3.5381518506868126
2.345207879911715
1.5811388300841895
2.0
0.7071067811865475
1.414213562373095
1.414213562373095
1.885618083164127
1.7320508075688774
2.651650429449553
1.7320508075688774
1.414213562373095
1.5811388300841895
3.6765801200722312
2.82842712474619
3.927922024247863
2.4494897427831783
2.456769074559977
3.0962810792528397
1.414213562373095
1.2247448713915892
2.121320343559643
2.743977362280141
1.414213562373095
2.919985580353726
2.0
2.91547594742265
2.6539552107881486
1.7320508075688774
1.7320508075688774
2.4494897427831783
3.2526911934581184
3.265986323710904
2.121320343559643
2.4494897427831783
2.82842712474619
3.328201177351375
1.7320508075688774
2.4494897427831783
2.121320343559643
4.157413968934403
2.2453655975512468
2.121320343559643
1.7320508075688774
